start=1287.560948
volume=102.000000
