start=1270.701000
fullscreen=yes
sub-scale=0.000000
