start=6.215000
sid=no
sub-delay=1.500000
