start=3306.963000
volume=98.000000
vid=no
sid=1
