start=3710.917000
fullscreen=yes
sub-delay=-0.100000
