start=1283.456000
speed=1.100000
vid=1
sid=1
sub-scale=1.400000
