start=91.033333
speed=1.331000
sub-pos=99
