start=1336.001000
volume=102.000000
vid=no
sid=1
