start=1339.838000
volume=98.000000
contrast=-1
vid=no
sid=no
