start=1481.563000
fullscreen=yes
sid=5
sub-scale=0.600000
