start=2.711000
sid=no
sub-delay=1.500000
