start=449.348900
sub-delay=0.100000
