start=1648.313000
volume=98.000000
sid=2
sub-delay=0.100000
