start=1344.141000
volume=98.000000
aid=2
sid=1
sub-ass-override=no
