start=2175.924000
sid=2
sub-delay=0.000000
