start=1288.419000
speed=1.100000
sid=1
sub-delay=0.100000
sub-scale=1.300000
