start=17.800000
fullscreen=yes
ab-loop-a=16.983000
