start=1304.352000
aid=2
sid=1
sub-delay=-0.100000
