start=259.092167
sid=no
sub-delay=1.500000
