start=1325.122000
volume=98.000000
aid=2
sid=1
sub-ass-override=no
