start=1828.660000
volume=98.000000
sid=2
sub-delay=0.000000
