start=197.488958
vid=no
sid=1
sub-scale=0.900000
