start=7690.974958
vid=no
sid=1
sub-delay=-0.400000
