start=1320.535000
sid=1
sub-scale=1.300000
