start=5950.819875
volume=96.000000
vid=no
sid=no
sub-pos=99
