start=2051.216000
volume=98.000000
fullscreen=no
sid=2
sub-delay=0.100000
