start=3482.043000
brightness=1
vid=no
sid=1
sub-delay=-0.000000
