start=3479.810000
speed=1.100000
sid=9
