start=8637.170208
vid=no
sid=1
sub-delay=-0.100000
sub-scale=0.900000
