start=1999.998000
volume=98.000000
sid=2
sub-delay=0.100000
