start=1311.901000
speed=1.100000
sid=1
sub-scale=1.300000
