start=67.733333
volume=68.000000
fullscreen=yes
