start=657.866000
sid=no
sub-delay=1.500000
