start=2766.698922
panscan=0.100000
vid=no
sid=1
