start=1504.545000
fullscreen=yes
sub-scale=0.000000
