start=122.974624
volume=60.000000
fullscreen=yes
