start=3429.003000
volume=98.000000
vid=no
sid=1
