start=1.210000
speed=1.100000
sid=no
sub-delay=1.500000
