start=1270.261000
fullscreen=yes
sub-delay=0.100000
