start=1479.520000
fullscreen=yes
sub-scale=0.000000
