start=3049.163000
vid=no
sid=1
sub-scale=0.900000
