start=2990.029000
speed=1.100000
sid=9
